$ANSIBLE_VAULT;1.1;AES256
32336537373237373638643465353864616165396331316132356538306661636437663364643632
3461383639643464663263366639343531343238373331350a313830653037383339623063666430
31326337353162643133323535643664313038613963323262353863656238363736336662383430
3234636462313737610a383765393737386161386163336664366330313733353832373635373631
65393566656634633838303162666434383961623765323131666638396237373466363865353864
34373031323136363066363765636665303037313761313565313837313939313638656263663066
65373730353033373362396133613838643865383766313735666663353639333238353566663432
37656631313731323834626331343732396339343361346165326238316665626538636136363238
39663937643264643062303065663062353333653062636335633836633835313933323166363438
38356433346264333333366562656438313537323830323963643765366566383138393662613733
62303864366135653064386137663963653531633439333263333064396563356430613635613865
31613865316431363763313863653764346662326533383461626639643432663530643138323233
30316364373133313531396332646534616435383030353436616632346337326231363736366533
66343532346361663837376536646237613964386466316130343837626461306163626465613966
66333230333133313863333035306664653331366265643732363434666639343636373365396265
35366566383435636536306461333966623833616464393561303264346132396234663131386335
39316662316433353233643365633230613137343034373365386632316234323537633837656461
34623963376235333263343533663532356132633964656338303034653939633765643062363532
62393762613831623839643332626534646331336534633730656163633034393166666566393437
33626564653665383633346339386632666437343539346338643132666666626430626136303630
33663034313961303439373235343730336634336230353265303362363234333434613236636633
39653866306634333638326165323065316434303332353862313131616663663665353766653734
64323336616134353638653230623439656235663931633138323066663538636563376230346431
64393538656232633133323430633036393535353233626263663435653730393838346463663334
36633536623130623434316563623833663361623932636239383837343133386438303861363839
64643962663938393933323065666664343737373235316439386463336132363432366532393732
66363164653838323439313766633837663730336462653163353430303764376565343735303566
63633830343138386135643230373162333632306437656432393138636535323363356564626133
31336163613530653833633662356531626239396237333766653635333339643962323939393662
35383666333336393861303930626264396664656666363038366162663331363762626233303065
62343865366632343633666538343932653239653465643561393536386632356661323638363861
38333931323463656139613038613739356633343636313165656466333436633063623938633137
38656531303031333565626133346330643063323761323034353363323734396338643563313437
34393763653763363131396635363536373537303562383636656362336366626666323564353564
64633930393838643163656437306539323236663932363638313932366430356161646334356138
61646430393365353135333931653931353535393339393431346239363830383830646565383738
65623631623638346465303430323161373936333732636366396331326563393063323233663661
37326336303131643466636562636561306332356537643563393661393638613432376232623166
65336365323336633966386231393832393764336636363136333564313763623233373463616237
64303632383833396233373166313461303164636133633936633166323666636665383636383839
62333466633962326538316635623166356230313631336630313761613362323935386137623935
32626335323763353831376337303130313935306139373361653539353461333933613630373865
31306430373635323035326139613236373966306137633461663637323632346635363138613830
63633565616566353631393561623833306436333631616136376364396230323536313363393239
65633731396265663631366564326366356630396165663863646535376661363637363664623934
31333837363761346137343535326637363936666661336530373438633936316230313235313830
63336138336539393833303730656433633065386234353262666338366237666637343439656437
30363132363031613433353835303561396430663630393133316365323865333064386362336435
33393034336337653933623135643065356137376334323432343264623931613431616333303434
37613939396561366264356233383165346131613430633332616236643830616662663138626136
30653662336434666636303162383538653038646338323833353532326539373230343631656537
62616661333835616437306133303763653532616365626164356330363935316162323530376166
61316266383365656665636236613063643666663839646330373764646436343238343164373962
65616366373965386436366663306662373335643733643034353131633965643939393664643531
36393037643833633332626530653635656333333966363332303762333961356665386631373834
30323137633963633938353666396139396232393139356239343762396431353963313664666563
39626633386464326332393039623636353366343336353936613631376563313131323464373839
38643831333766303365386139393237623530373135646336356531323132643231303665373663
33383265643135626539363334656664383263643737663362636539386530306362666135373039
66393763303832663739653262616262396664396139663863656162383565646265343232646432
37353061313131333735616132356433646434613664663266613031356365323465613233613865
32316639386664343335313637363134316134353932623630356535303831383265343737636137
66613231656565663865653137613438623131346366363637386436663264383931333461373262
35376461356332363137363335306530306131323630376138363835306465393264643961333539
35373532393037346432636336326136636237306330323939666565363763346331393833393139
35303665663963383531376139353865393639633236353963666637343562633433373735656434
65626232383664636565656464316666356535306634613336393765346562333336373762366566
62636630346664636533356134636339343736653735643436653062626136393331353431343831
36333333313534636434356162326434393632636132613765643363303666626265353063313763
64663963383438396366383661656132333039653534636531383433326632393836663234643230
37396262383861383565623636373866643063396633376366343762643037383030303131613536
63366430303438663930333863373264616538373737663733636239323039393332383336363438
63316561633561663863363533393866343566643231643735323363616635353732633937306332
34323030303036383636396561363534343632663230393432333966313633313265313834383836
66333630383830343461333832623663643431356462623732616365643730383961396636633431
39363761323537343861656664383164343938616465636465616236383731383166336538313531
65313365383266326461346163323665333633633737396463636364303664323966623434646461
33346435613363343334343737393664373232353866623961646366373336353237363563323763
32383337376131633261396561376238323865613365616239626235366465306632303630633761
35633563386237633336666466626634393464616432363337326431386639336166383062636531
38363837333962636135336261313838303665386336653139666138383863626339663131636665
63636336366138653834653766366332633534623737353830373262316366656630393064613262
34323931316361376464613733646261613666313936373731613533383465366230326631646331
35653037653765663436666330383263646238313135316330626163313836303830393936663037
31616233386130613433386365626637656334396630346535323836336333313066616233336431
36636631666137633432613933656138386138613036626138646132393632616564376137366431
63363932623264313035643564313038353564323236313037656630373163656666393765306339
38346234626637306632
